"100","1","0","@","【言葉】","コトバ."
"101","1","1","","定型文辞書を使ってください。","テイケイブンジショヲツカッテクダサイ。"
"102","1","10","","日本語","ニホンゴ"
"103","1","11","","英語","エイゴ"
"104","1","12","","フランス語","フランスゴ"
"105","1","13","","ドイツ語","ドイツゴ"
"106","1","31","","日本語は話せますか？","ニホンゴハハナセマスカ?"
"107","1","32","","英語は話せますか？","エイゴハハナセマスカ?"
"108","1","33","","フランス語は話せますか？","フランスゴハハナセマスカ?"
"109","1","34","","ドイツ語は話せますか？","ドイツゴハハナセマスカ?"
"110","1","41","","私は英語が話せません。","ワタシハエイゴガハナセマセン。"
"111","1","40","","私は日本語が話せません。","ワタシハニホンゴガハナセマセン。"
"112","1","42","","私はフランス語が話せません。","ワタシハフランスゴガハナセマセン。"
"113","1","43","","私はドイツ語が話せません。","ワタシハドイツゴガハナセマセン。"
"114","1","20","","聞いてください。","キイテクダサイ。"
"115","1","21","","聞こえていますか？","キコエテイマスカ?"
"116","1","22","","少し話せます。","スコシハナセマス。"
"117","1","23","","少しなら理解できます。","スコシナラリカイデキマス。"
"118","1","24","","簡単な単語で話してください。","カンタンナタンゴデハナシテクダサイ。"
"119","1","25","","省略形ではなくフルスペルでお願いします。","ショウリャクケイデハナクフルスペルデオネガイシマス。"
"120","1","26","","返事するのでちょっと待ってください。","ヘンジスルノデチョットマッテクダサイ。"
"121","1","30","","母国語は何ですか？","ボコクゴハナンデスカ?"
"200","2","0","@","【あいさつ】","アイサツ."
"201","2","1","","はじめまして。","ハジメマシテ。"
"202","2","2","","おはよう。","オハヨウ。"
"203","2","3","","こんにちは。","コンニチハ。"
"204","2","4","","こんばんは。","コンバンハ。"
"205","2","5","","おやすみなさい。","オヤスミナサイ。"
"206","2","6","","さようなら。","サヨウナラ。"
"207","2","7","","今日は楽しかったです。","キョウハタノシカッタデス。"
"208","2","8","","また会いましょう！","マタアイマショウ!"
"209","2","9","","また遊びましょう。","マタアソビマショウ。"
"210","2","10","","ただいま。","タダイマ。"
"211","2","11","","おかえり。","オカエリ。"
"212","2","12","","おめでとう！","オメデトウ!"
"213","2","13","","よくやった！","ヨクヤッタ!"
"214","2","14","","がんばって！","ガンバッテ!"
"215","2","15","","やったー！","ヤッター!"
"216","2","16","","ありがとう。","アリガトウ。"
"217","2","17","","どういたしまして。","ドウイタシマシテ。"
"218","2","18","","気を付けてください。","キヲツケテクダサイ。"
"219","2","19","","ごめんなさい。","ゴメンナサイ。"
"220","2","20","","許してください。","ユルシテクダサイ。"
"221","2","21","","残念です。","ザンネンデス。"
"222","2","22","","ちょっといいですか？","チョットイイデスカ?"
"223","2","23","","それではよい旅を。","ソレデハヨイタビヲ。"
"224","2","24","","ここに来るのは初めてです。","ココニクルノハハジメテデス。"
"225","2","25","","楽しみです！","タノシミデス!"
"226","2","26","","お疲れ様でした。","オツカレサマデシタ。"
"227","2","27","","よろしくお願いします！","ヨロシクオネガイシマス!"
"228","2","28","","ありがとうございました。これで失礼します。","アリガトウゴザイマシタ。コレデシツレイシマス。"
"229","2","29","","気楽にやりましょう！","キラクニヤリマショウ!"
"230","2","31","","がんばります！","ガンバリマス!"
"231","2","30","","一緒にがんばりましょう！","イッショニガンバリマショウ!"
"232","2","32","","楽しみましょう！","タノシミマショウ!"
"233","2","33","","落ち着いていきましょう！","オチツイテイキマショウ!"
"300","3","0","@","【質問】","シツモン."
"301","3","1","","誰ですか？","ダレデスカ?"
"302","3","2","","どちらですか？","ドチラデスカ?"
"303","3","3","","どうすればいいですか？","ドウスレバイイデスカ?"
"304","3","4","","何ですか？","ナンデスカ?"
"305","3","5","","いつですか？","イツデスカ?"
"306","3","6","","いくつですか？","イクツデスカ?"
"307","3","7","","どこですか？","ドコデスカ?"
"308","3","8","","なぜですか？","ナゼデスカ?"
"309","3","9","","どうしてですか？","ドウシテデスカ?"
"310","3","10","","どこに行きますか？","ドコニイキマスカ?"
"311","3","11","","できますか？","デキマスカ?"
"312","3","12","","助けはいりますか？","タスケハイリマスカ?"
"313","3","13","","どのコンテンツをやりますか？","ドノコンテンツヲヤリマスカ?"
"314","3","14","","どのコンテンツならできますか？","ドノコンテンツナラデキマスカ?"
"315","3","15","","持っていますか？","モッテイマスカ?"
"316","3","16","","今どんな武器を持っていますか？","イマドンナブキヲモッテイマスカ?"
"317","3","17","","他にどのクラスができますか？","ホカニドノクラスガデキマスカ?"
"318","3","18","","他にどのロールができますか？","ホカニドノロールガデキマスカ?"
"319","3","19","","セットしていますか？","セットシテイマスカ?"
"320","3","20","","どんな戦術でいきますか？","ドンナセンジュツデイキマスカ?"
"321","3","21","","フレンドになってくれませんか？","フレンドニナッテクレマセンカ?"
"322","3","22","","休憩しませんか？","キュウケイシマセンカ?"
"323","3","23","","修理しましょうか？","シュウリシマショウカ?"
"324","3","24","","修理してくれませんか？","シュウリシテクレマセンカ?"
"325","3","25","","マテリア装着しましょうか？","マテリアソウチャクシマショウカ?"
"326","3","26","","マテリア装着してくれませんか？","マテリアソウチャクシテクレマセンカ?"
"327","3","27","","パーティに入りませんか？","パーティニハイリマセンカ?"
"328","3","28","","パーティに入れてくれませんか？","パーティニイレテクレマセンカ?"
"329","3","29","","パーティを解散しますか？","パーティヲカイサンシマスカ?"
"330","3","30","","リンクシェルに入りませんか？","リンクシェルニハイリマセンカ?"
"331","3","31","","リンクシェルに入れてくれませんか？","リンクシェルニイレテクレマセンカ?"
"332","3","32","","フリーカンパニーに入りませんか？","フリーカンパニーニハイリマセンカ?"
"333","3","33","","フリーカンパニーに入れてくれませんか？","フリーカンパニーニイレテクレマセンカ?"
"334","3","34","","何をしていますか？","ナニヲシテイマスカ?"
"335","3","35","","カード対戦しませんか？","カードタイセンシマセンカ?"
"336","3","36","","ルールを変えませんか？","ルールヲカエマセンカ?"
"337","3","37","","大会の対戦をしませんか？","タイカイノタイセンヲシマセンカ?"
"338","3","38","","MPは大丈夫ですか？","MPハダイジョウブデスカ?"
"339","3","39","","わからないことはありますか？","ワカラナイコトハアリマスカ?"
"340","3","40","","見ましたか？","ミマシタカ?"
"341","3","41","","攻略方法はわかりますか？","コウリャクホウホウハワカリマスカ?"
"342","3","42","","作戦を立てませんか？","サクセンヲタテマセンカ?"
"343","3","43","","相乗りしませんか？","アイノリシマセンカ?"
"344","3","44","","相乗りさせてくれませんか？","アイノリサセテクレマセンカ?"
"400","4","0","@","【答え】","コタエ."
"401","4","1","","わかりません。","ワカリマセン。"
"402","4","2","","いりません。","イリマセン。"
"403","4","3","","はい。お願いします。","ハイ。オネガイシマス。"
"404","4","4","","お願いします。","オネガイシマス。"
"405","4","5","","わかりました。","ワカリマシタ。"
"406","4","6","","今忙しいので、後にしてください。","イマイソガシイノデ、アトニシテクダサイ。"
"407","4","7","","今は独りで行動したいんです。","イマハヒトリデコウドウシタインデス。"
"408","4","8","","答えたいけど表現がわかりません。","コタエタイケドヒョウゲンガワカリマセン。"
"409","4","9","","なるほど。","ナルホド。"
"410","4","10","","せっかくだけど遠慮します。","セッカクダケドエンリョシマス。"
"411","4","11","","へぇー。","ヘェー。"
"412","4","12","","えーっと…","エーット・・・"
"413","4","13","","えっ！？","エッ!?"
"414","4","14","","本当に？","ホントウニ?"
"415","4","15","","むむむ。","ムムム。"
"416","4","16","","もうすぐ別の予定があるんです。","モウスグベツノヨテイガアルンデス。"
"417","4","17","","再戦を希望します。","サイセンヲキボウシマス。"
"418","4","18","","対戦を終わりにしましょう。","タイセンヲオワリニシマショウ。"
"419","4","19","","一時中断させてください。","イチジチュウダンサセテクダサイ。"
"420","4","20","","そうかもしれません。","ソウカモシレマセン。"
"500","5","0","@","【理由】","リユウ."
"501","5","1","","詠唱中です。","エイショウチュウデス。"
"502","5","2","","仕事の時間です。","シゴトノジカンデス。"
"503","5","3","","約束があるんです。","ヤクソクガアルンデス。"
"504","5","4","","眠くなりました。","ネムクナリマシタ。"
"505","5","5","","疲れました。","ツカレマシタ。"
"506","5","6","","用事があるので、これで。","ヨウジガアルノデ、コレデ。"
"507","5","7","","体調が悪いんです。","タイチョウガワルインデス。"
"508","5","8","","気が向きません。","キガムキマセン。"
"509","5","9","","興味があります。","キョウミガアリマス。"
"510","5","10","","コンテンツ中なんです。","コンテンツチュウナンデス。"
"511","5","11","","戦闘中なんです。","セントウチュウナンデス。"
"512","5","12","","お金を稼ぎたいです。","オカネヲカセギタイデス。"
"513","5","13","","覚えてないんです。","オボエテナインデス。"
"514","5","14","","知らないんです。","シラナインデス。"
"515","5","15","","使ったばかりです。","ツカッタバカリデス。"
"516","5","16","","経験値が欲しいです。","ケイケンチガホシイデス。"
"517","5","17","","間違えました。","マチガエマシタ。"
"518","5","18","","すでに誘われています。","スデニサソワレテイマス。"
"519","5","19","","すでに持っています。","スデニモッテイマス。"
"520","5","20","","募集が終わりました。","ボシュウガオワリマシタ。"
"521","5","21","","準備をしています。","ジュンビヲシテイマス。"
"522","5","22","","手が離せません。","テガハナセマセン。"
"523","5","23","","雑談をしています。","ザツダンヲシテイマス。"
"524","5","24","","キーボードを使っていません。","キーボードヲツカッテイマセン。"
"525","5","25","","探索中です。","タンサクチュウデス。"
"600","6","0","@","【トレード】","トレード."
"601","6","1","","くれませんか？","クレマセンカ?"
"602","6","2","","してくれませんか？","シテクレマセンカ?"
"603","6","3","","安くしてくれませんか？","ヤスクシテクレマセンカ?"
"604","6","4","","買ってくれませんか？","カッテクレマセンカ?"
"605","6","5","","売ってくれませんか？","ウッテクレマセンカ?"
"606","6","6","","トレードしませんか？","トレードシマセンカ?"
"607","6","7","","いりませんか？","イリマセンカ?"
"608","6","8","","製作できませんか？","セイサクデキマセンカ?"
"609","6","9","","持っていませんか？","モッテイマセンカ?"
"610","6","10","","必要な素材は何ですか？","ヒツヨウナソザイハナンデスカ?"
"611","6","11","","お金がありません。","オカネガアリマセン。"
"612","6","12","","アイテムがありません。","アイテムガアリマセン。"
"613","6","13","","あなたにあげられる物はなさそうです。","アナタニアゲラレルモノハナサソウデス。"
"614","6","14","","これをあなたにあげましょう。","コレヲアナタニアゲマショウ。"
"615","6","15","","ください。","クダサイ。"
"616","6","16","","報酬：","ホウシュウ:"
"617","6","17","","値段：","ネダン:"
"618","6","18","","お届け物","オトドケモノ"
"700","7","0","@","【編成】","ヘンセイ."
"701","7","1","","募集中です。","ボシュウチュウデス。"
"702","7","2","","集まってください。","アツマッテクダサイ。"
"703","7","3","","一緒にやりませんか？","イッショニヤリマセンカ?"
"704","7","4","","1人ですか？","ヒトリデスカ?"
"705","7","5","","空きはありますか？","アキハアリマスカ?"
"706","7","6","","誘ってください。","サソッテクダサイ。"
"707","7","7","","入れてください。","イレテクダサイ。"
"708","7","8","","リーダーは誰ですか？","リーダーハダレデスカ?"
"709","7","9","","短時間でもいいんですが。","タンジカンデモイインデスガ。"
"710","7","10","","フルパーティなんです。","フルパーティナンデス。"
"711","7","11","","手伝ってください。","テツダッテクダサイ。"
"712","7","12","","パーティを解散します。","パーティヲカイサンシマス。"
"713","7","13","","席を外します。","セキヲハズシマス。"
"714","7","14","","パーティ参加を希望します。","パーティサンカヲキボウシマス。"
"715","7","15","","ライトパーティ","-"
"716","7","16","","フルパーティ","-"
"717","7","17","","不慣れです。","フナレデス。"
"718","7","18","","パーティメンバーの補充をしませんか？","メンバーノホジュウヲシマセンカ?"
"800","8","0","@","【戦術】","センジュツ."
"801","8","201","","ついてきてください。","ツイテキテクダサイ。"
"802","8","202","","ついていきます。","ツイテイキマス。"
"803","8","203","","調べてみてください。","シラベテミテクダサイ。"
"804","8","204","","見つけました！","ミツケマシタ!"
"805","8","1","","全力で攻撃してください！","ゼンリョクデコウゲキシテクダサイ!"
"806","8","2","","少し下がって。","スコシサガッテ。"
"807","8","3","","敵視に注意してください。","テキシニチュウイシテクダサイ。"
"808","8","4","","これを先にやっつけて！","コレヲサキニヤッツケテ!"
"809","8","5","","攻撃しないでください。","コウゲキシナイデクダサイ。"
"810","8","6","","足止めしてください！","アシドメシテクダサイ!"
"811","8","7","","無効化してください！","ムコウカシテクダサイ!"
"812","8","8","","回復してください！","カイフクシテクダサイ!"
"813","8","9","","掛けてください！","カケテクダサイ!"
"814","8","10","","逃げて！","ニゲテ!"
"815","8","11","","助けて！","タスケテ!"
"816","8","12","","止まって！","トマッテ!"
"817","8","13","","待機します。","タイキシマス。"
"818","8","14","","なくなりました。","ナクナリマシタ。"
"819","8","15","","ありません。","アリマセン。"
"820","8","16","","節約してください。","セツヤクシテクダサイ。"
"821","8","17","","節約します。","セツヤクシマス。"
"822","8","18","","装備品の耐久度が下がってきました。","ソウビヒンノタイキュウドガサガッテキマシタ。"
"823","8","19","","準備完了！","ジュンビカンリョウ!"
"824","8","100","","マーカーを設定してください。","マーカーヲセッテイシテクダサイ。"
"825","8","20","","使ってください。","ツカッテクダサイ。"
"826","8","205","","休憩しましょう。","キュウケイシマショウ。"
"827","8","21","","敵を連れてきます。","テキヲツレテキマス。"
"828","8","22","","敵を引きつけます。","テキヲヒキツケマス。"
"829","8","206","","待ってください。","マッテクダサイ。"
"830","8","207","","現地に集合しましょう。","ゲンチニシュウゴウシマショウ。"
"831","8","208","","移動しましょう。","イドウシマショウ。"
"832","8","209","","そこにいてください。","ソコニイテクダサイ。"
"833","8","210","","これから向かいます。","コレカラムカイマス。"
"834","8","211","","すぐ戻ります。","スグモドリマス。"
"835","8","212","","ロットしてください。","ロットシテクダサイ。"
"836","8","300","","弱点：","ジャクテン:"
"837","8","301","","注意：","チュウイ:"
"838","8","302","","おすすめ：","オススメ:"
"839","8","303","","討伐順：","トウバツジュン:"
"840","8","304","","欲しいもの：","ホシイモノ:"
"841","8","23","","敵視を稼いでください。","テキシヲカセイデクダサイ。"
"842","8","24","","敵が近づいてます！","テキガチカヅイテマス!"
"843","8","25","","気にしないでください。","キニシナイデクダサイ。"
"844","8","26","","無視してください。","ムシシテクダサイ。"
"845","8","1084","","スイッチ","-"
"846","8","27","","交代してください！","コウタイシテクダサイ!"
"847","8","28","","私が最初に攻撃します！","ワタシガサイショニコウゲキシマス!"
"848","8","200","","ゆっくり進みましょう。","ユックリススミマショウ。"
"849","8","30","","実行してください！","ジッコウシテクダサイ!"
"850","8","305","","方向：","ホウコウ:"
"851","8","31","","回避してください！","カイヒシテクダサイ!"
"852","8","32","","後ろを向いてください。","ウシロヲムイテクダサイ。"
"853","8","33","","ダメージを受けてください。","ダメージヲウケテクダサイ。"
"854","8","34","","敵を離してください。","テキヲハナシテクダサイ。"
"855","8","35","","離れてください。","ハナレテクダサイ。"
"856","8","36","","近づいてください。","チカヅイテクダサイ。"
"857","8","37","","運んでください。","ハコンデクダサイ。"
"859","8","39","","切断してください！","セツダンシテクダサイ!"
"860","8","40","","維持してください！","イジシテクダサイ!"
"861","8","41","","同時に倒しましょう！","ドウジニタオシマショウ!"
"862","8","42","","隠れて！","カクレテ!"
"863","8","43","","搭乗します！","トウジョウシマス!"
"864","8","44","","搭乗してください！","トウジョウシテクダサイ!"
"900","9","0","@","【役割】","ヤクワリ."
"901","9","1","","リーダー","-"
"902","9","2","","マスター","-"
"903","9","10","","ファイター","-"
"904","9","11","","ソーサラー","-"
"905","9","12","","ギャザラー","-"
"906","9","13","","クラフター","-"
"907","9","20","","タンク","-"
"908","9","23","","近接攻撃役","キンセツコウゲキヤク"
"909","9","24","","遠隔攻撃役","エンカクコウゲキヤク"
"910","9","21","","ヒーラー","-"
"911","9","26","","強化役","キョウカヤク"
"912","9","25","","魔法攻撃役","マホウコウゲキヤク"
"913","9","22","","DPS","-"
"950","10","0","@","【位置】","イチ."
"951","10","1","","位置","イチ"
"952","10","13","","北","キタ"
"953","10","12","","南","ミナミ"
"954","10","10","","東","ヒガシ"
"955","10","11","","西","ニシ"
"956","10","20","","上","ウエ"
"957","10","21","","下","シタ"
"958","10","23","","右","ミギ"
"959","10","22","","左","ヒダリ"
"960","10","30","","表","オモテ"
"961","10","31","","裏","ウラ"
"962","10","43","","横","ヨコ"
"963","10","40","","正面","ショウメン"
"964","10","46","","中央","チュウオウ"
"965","10","41","","側面","ソクメン"
"966","10","44","","内側","ウチガワ"
"967","10","45","","外側","ソトガワ"
"968","10","50","","こっち","コッチ"
"969","10","51","","あっち","アッチ"
"970","10","52","","そっち","ソッチ"
"971","10","53","","もっと近く","モットチカク"
"972","10","54","","もっと遠く","モットトオク"
"973","10","60","","入口","イリグチ"
"974","10","61","","出口","デグチ"
"975","10","42","","背面","ハイメン"
"976","10","70","","1時","イチジ"
"977","10","71","","2時","ニジ"
"978","10","72","","3時","サンジ"
"979","10","73","","4時","ヨジ"
"980","10","74","","5時","ゴジ"
"981","10","75","","6時","ロクジ"
"982","10","76","","7時","シチジ"
"983","10","77","","8時","ハチジ"
"984","10","78","","9時","クジ"
"985","10","79","","10時","ジュウジ"
"986","10","80","","11時","ジュウイチジ"
"987","10","81","","12時","ジュウニジ"
"1000","11","0","@","【時間】","ジカン."
"1001","11","3","","おととい","オトトイ"
"1002","11","2","","昨日","キノウ"
"1003","11","1","","今日","キョウ"
"1004","11","4","","明日","アシタ"
"1005","11","5","","あさって","アサッテ"
"1006","11","11","","先週","センシュウ"
"1007","11","10","","今週","コンシュウ"
"1008","11","12","","来週","ライシュウ"
"1009","11","20","","午前","ゴゼン"
"1010","11","21","","午後","ゴゴ"
"1011","11","30","","朝","アサ"
"1012","11","31","","昼","ヒル"
"1013","11","32","","夜","ヨル."
"1014","11","40","","曜日","ヨウビ"
"1015","11","41","","日曜日","ニチヨウビ"
"1016","11","42","","月曜日","ゲツヨウビ"
"1017","11","43","","火曜日","カヨウビ"
"1018","11","44","","水曜日","スイヨウビ"
"1019","11","45","","木曜日","モクヨウビ"
"1020","11","46","","金曜日","キンヨウビ"
"1021","11","47","","土曜日","ドヨウビ"
"1022","11","50","","休日","キュウジツ"
"1023","11","51","","休み","ヤスミ"
"1024","11","60","","長期","チョウキ"
"1025","11","61","","短期","タンキ"
"1026","11","70","","日付","ヒヅケ"
"1027","11","75","","秒","ビョウ"
"1028","11","74","","分","フン"
"1029","11","71","","時間","ジカン"
"1030","11","73","","月","ツキ"
"1031","11","72","","年","ネン"
"1032","11","120","","1月","イチガツ"
"1033","11","121","","2月","ニガツ"
"1034","11","122","","3月","サンガツ"
"1035","11","123","","4月","シガツ"
"1036","11","124","","5月","ゴガツ"
"1037","11","125","","6月","ロクガツ"
"1038","11","126","","7月","シチガツ"
"1039","11","127","","8月","ハチガツ"
"1040","11","128","","9月","クガツ"
"1041","11","129","","10月","ジュウガツ"
"1042","11","130","","11月","ジュウイチガツ"
"1043","11","131","","12月","ジュウニガツ"
"1044","11","81","","先月","センゲツ"
"1045","11","80","","今月","コンゲツ"
"1046","11","82","","来月","ライゲツ"
"1047","11","84","","去年","キョネン"
"1048","11","83","","今年","コトシ"
"1049","11","85","","来年","ライネン"
"1050","11","90","","今","イマ"
"1051","11","91","","もうすぐ","モウスグ"
"1052","11","92","","いつでも","イツデモ"
"1053","11","100","","最初","サイショ"
"1054","11","101","","最後","サイゴ"
"1055","11","110","","待ち時間","マチジカン"
"1056","11","111","","残り時間","ノコリジカン"
"1057","11","112","","終了時間","シュウリョウジカン"
"1058","11","140","","第六星暦","ダイロクセイレキ"
"1059","11","141","","第七霊災","ダイナナレイサイ"
"1060","11","142","","第七星暦","ダイナナセイレキ"
"1061","11","93","","直前","チョクゼン"
"1062","11","94","","直後","チョクゴ"
"1150","13","0","@","【移動方法】","イドウホウホウ."
"1151","13","2","","歩く","アルク"
"1152","13","1","","走る","ハシル"
"1153","13","3","","追従","ツイジュウ"
"1154","13","10","","チョコボ","-"
"1155","13","11","","マイチョコボ","-"
"1156","13","12","","レンタルチョコボ","-"
"1157","13","13","","チョコボポーター","-"
"1158","13","20","","マウント","-"
"1159","13","30","","テレポ","-"
"1160","13","31","","デジョン","-"
"1161","13","33","","都市転送網","トシテンソウモウ"
"1162","13","34","","飛空艇","ヒクウテイ"
"1163","13","32","","ホームポイント","-"
"1164","13","35","","定期船","テイキセン"
"1165","13","21","","フライングマウント","-"
"1200","14","0","@","【施設】","シセツ."
"1201","14","10","","エーテライト","-"
"1202","14","11","","都市転送網","トシテンソウモウ"
"1203","14","20","","冒険者ギルド","ボウケンシャギルド"
"1204","14","21","","ギルド","ギルド"
"1205","14","30","","ショップ","-"
"1206","14","31","","チョコボ留","チョコボドメ"
"1207","14","90","","宿屋","ヤドヤ"
"1208","14","32","","呼び鈴","ヨビリン"
"1209","14","42","","レストエリア","-"
"1210","14","39","","ギルドリーヴ発行窓口","ギルドリーヴハッコウマドグチ"
"1211","14","40","","リンクシェル発行窓口","リンクシェルハッコウマドグチ"
"1212","14","33","","マーケットボード","-"
"1213","14","41","","リテイナー雇用窓口","リテイナーコヨウマドグチ"
"1214","14","34","","修理屋","シュウリヤ"
"1215","14","71","","ランディング","-"
"1216","14","35","","レターモーグリ","-"
"1217","14","72","","船着場","フナツキバ"
"1218","14","73","","フェリードック","-"
"1219","14","70","","発着場","ハッチャクジョウ"
"1220","14","80","","黒渦団：軍令部","コッカダングンレイブ"
"1221","14","81","","双蛇党：統合司令部","ソウジャトウトウゴウシレイブ"
"1222","14","82","","不滅隊：作戦本部","フメツタイサクセンホンブ"
"1223","14","91","","冒険者居住区","ボウケンシャキョジュウク"
"1224","14","60","","コロセウム対戦受付","コロセウムタイセンウケツケ"
"1225","14","36","","モブハントボード","-"
"1226","14","37","","天気予報士","テンキヨホウシ"
"1227","14","100","","美容師の呼び鈴","ビヨウシノヨビリン"
"1228","14","92","","拡張街","カクチョウガイ"
"1229","14","101","","オーケストリオン","-"
"1230","14","50","","木人","モクジン"
"1231","14","38","","マテリア師","マテリアシ"
"1232","14","93","","アパルトメント","-"
"1233","14","102","","ミラージュドレッサー","-"
"1234","14","110","","交流帳","コウリュウチョウ"
"1235","14","103","","愛蔵品キャビネット","アイゾウヒンキャビネット"
"1236","14","104","","愛用の紀行録","アイヨウノキコウロク"
"1250","15","0","@","【グランドカンパニー】","グランドカンパニー."
"1251","15","1","","グランドカンパニー","-"
"1252","15","2","","階級","カイキュウ"
"1253","15","3","","軍需品","グンジュヒン"
"1254","15","4","","補給品","ホキュウヒン"
"1255","15","5","","稀少品","キショウヒン"
"1256","15","6","","黒渦団","コッカダン"
"1257","15","7","","双蛇党","ソウジャトウ"
"1258","15","8","","不滅隊","フメツタイ"
"1270","16","0","@","【フリーカンパニー】","フリーカンパニー."
"1271","16","1","","フリーカンパニー","-"
"1272","16","2","","署名","ショメイ"
"1273","16","3","","カンパニーボード","-"
"1274","16","4","","カンパニーチェスト","-"
"1275","16","5","","カンパニークレスト","-"
"1276","16","6","","カンパニーアクション","-"
"1277","16","7","","カンパニークラフト","-"
"1278","16","8","","地下工房","チカコウボウ"
"1279","16","9","","エアシップボイジャー","-"
"1280","16","10","","サブマリンボイジャー","-"
"1300","17","0","@","【ゲームシステム】","ゲームシステム."
"1301","17","1","","クラス","-"
"1302","17","2","","クラスチェンジ","-"
"1303","17","3","","ジョブ","-"
"1304","17","4","","ジョブチェンジ","-"
"1305","17","6","","ソウルクリスタル","-"
"1306","17","10","","レベル","-"
"1307","17","11","","経験値","ケイケンチ"
"1308","17","500","","守護神","シュゴシン"
"1309","17","501","","民族","ミンゾク"
"1310","17","502","","部族","ブゾク"
"1311","17","700","","エリア","-"
"1312","17","5","","アーマリー","-"
"1313","17","23","","アイテム","-"
"1314","17","801","","ギアセット","-"
"1315","17","12","","レストボーナス","-"
"1316","17","50","","ソロ","-"
"1317","17","51","","パーティ","-"
"1318","17","200","","マウント","-"
"1319","17","201","","ミニオン","-"
"1320","17","202","","リテイナー","-"
"1321","17","20","","バトル","-"
"1322","17","21","","製作","セイサク"
"1323","17","22","","採集","サイシュウ"
"1324","17","24","","耐久度","タイキュウド"
"1325","17","25","","錬精度","レンセイド"
"1326","17","26","","装備適性","ソウビテキセイ"
"1327","17","60","","宝箱","タカラバコ"
"1328","17","210","","ターゲット","-"
"1329","17","213","","ロックオン","-"
"1330","17","211","","フォーカスターゲット","-"
"1331","17","214","","ターゲットマーカー","-"
"1332","17","800","","メニュー","-"
"1333","17","803","","マップ","-"
"1334","17","810","","サポートデスク","-"
"1335","17","820","","スクリーンショット","-"
"1336","17","811","","ログアウト","-"
"1337","17","812","","ゲーム終了","ゲームシュウリョウ"
"1338","17","813","","シャットダウン","-"
"1339","17","821","","定型文辞書","テイケイブンジショ"
"1340","17","802","","エモート","-"
"1341","17","80","","アチーブメント","-"
"1342","17","81","","称号","ショウゴウ"
"1343","17","100","","通貨","ツウカ"
"1344","17","101","","ギル","-"
"1345","17","91","","トレード","-"
"1346","17","90","","調べる","シラベル"
"1347","17","92","","自動追尾","ジドウツイビ"
"1348","17","52","","アライアンス","-"
"1349","17","380","","ハウジング","-"
"1350","17","391","","友好度","ユウコウド"
"1351","17","392","","友好ランク","ユウコウランク"
"1352","17","70","","MIP","エムアイピー"
"1353","17","150","","アラガントームストーン","-"
"1356","17","73","","投票除名","トウヒョウジョメイ"
"1357","17","72","","ギブアップ投票","ギブアップトウヒョウ"
"1358","17","215","","フィールドマーカー","-"
"1359","17","212","","グラウンドターゲット","-"
"1360","17","350","","武具投影","ブグトウエイ"
"1362","17","351","","美容師","ビヨウシ"
"1363","17","302","","リテイナーベンチャー","-"
"1364","17","400","","アートマ","-"
"1365","17","410","","ゾディアックウェポン","-"
"1366","17","401","","アレキサンドライト","-"
"1367","17","412","","アニムス","-"
"1368","17","413","","ノウス","-"
"1369","17","103","","同盟記章","ドウメイキショウ"
"1370","17","300","","モブ手配書","モブテハイショ"
"1371","17","301","","アウトロー戦区","アウトローセンク"
"1372","17","550","","超える力","コエルチカラ"
"1373","17","381","","チョコボ育成","チョコボイクセイ"
"1374","17","303","","天気予報","テンキヨホウ"
"1375","17","154","","アラガントームストーン:詩学","シガク"
"1376","17","390","","貢献値","コウケンチ"
"1377","17","102","","軍票","グンピョウ"
"1378","17","105","","対人戦績","タイジンセンセキ"
"1379","17","411","","ゼニス","-"
"1380","17","414","","ネクサス","-"
"1381","17","104","","セントリオ記章","セントリオキショウ"
"1384","17","63","","マスタールート","-"
"1385","17","62","","GREED限定","グリードゲンテイ"
"1386","17","61","","通常ロット","ツウジョウロット"
"1387","17","420","","アニマウェポン","-"
"1389","17","352","","エターナルバンド","-"
"1390","17","12","","アイテムレベル","-"
"1391","17","13","","レベルアジャスト","-"
"1392","17","353","","クロの空想帳","クロノクウソウチョウ"
"1396","17","71","","制限解除","セイゲンカイジョ"
"1397","17","354","","楽器演奏","ガッキエンソウ"
"1398","17","356","","ファッションチェック","-"
"1400","18","0","@","【バトル】","バトル."
"1401","18","1","","攻撃","コウゲキ"
"1402","18","2","","アクション","-"
"1403","18","6","","ジェネラルアクション","-"
"1404","18","15","","特性","トクセイ"
"1405","18","3","","ジョブアクション","ジョブアクション"
"1406","18","5","","アディショナルアクション","ツイカアクション"
"1407","18","11","","魔法","マホウ"
"1408","18","10","","ウェポンスキル","-"
"1409","18","12","","アビリティ","-"
"1410","18","13","","キャストタイム","-"
"1411","18","14","","リキャストタイム","-"
"1412","18","16","","行動適性","コウドウテキセイ"
"1413","18","56","","リンク","-"
"1414","18","20","","ペット","-"
"1415","18","21","","バディ","-"
"1416","18","53","","敵視","テキシ"
"1417","18","54","","好戦的","コウセンテキ"
"1418","18","55","","非好戦的","ヒコウセンテキ"
"1419","18","59","","戦闘不能","セントウフノウ"
"1420","18","70","","戦利品","センリヒン"
"1421","18","72","","分配","ブンパイ"
"1422","18","71","","ロット","-"
"1423","18","18","","レジスト","-"
"1424","18","17","","修得","シュウトク"
"1425","18","57","","感知","カンチ"
"1426","18","58","","範囲","ハンイ"
"1427","18","7","","リミットブレイク","-"
"1428","18","50","","敵","テキ"
"1429","18","51","","モンスター","-"
"1430","18","52","","ノートリアスモンスター","-"
"1432","18","81","","チェーンボーナス","-"
"1433","18","80","","アーマリーボーナス","-"
"1434","18","83","","レベルシンク","-"
"1435","18","8","","PvPアクション","-"
"1436","18","102","","範囲攻撃","ハンイコウゲキ"
"1437","18","104","","前方範囲攻撃","ゼンポウハンイコウゲキ"
"1438","18","105","","後方範囲攻撃","コウホウハンイコウゲキ"
"1439","18","103","","全体攻撃","ゼンタイコウゲキ"
"1440","18","300","","アウトポスト","-"
"1441","18","301","","居住区跡","キョジュウクアト"
"1442","18","302","","拠点","キョテン"
"1443","18","303","","フラッグ","-"
"1444","18","304","","占拠","センキョ"
"1445","18","305","","中立化","チュウリツカ"
"1446","18","306","","戦術値","センジュツチ"
"1447","18","307","","市場跡","シジョウアト"
"1448","18","308","","太陽神殿","タイヨウシンデン"
"1449","18","19","","コンボ","-"
"1450","18","9","","アドレナリンラッシュ","-"
"1451","18","100","","単体攻撃","タンタイコウゲキ"
"1452","18","90","","バリスタ","-"
"1453","18","309","","アラガントームリス","-"
"1454","18","200","","チーム・クロウ","クロウ"
"1455","18","201","","チーム・ファング","ファング"
"1456","18","203","","メダル","-"
"1458","18","206","","デンジャータイム","-"
"1462","18","210","","アドレナリンボックス","-"
"1466","18","211","","アドレナリンキット","-"
"1467","18","214","","サプライボックス","-"
"1468","18","215","","ノックアウト","-"
"1469","18","216","","ダウン","-"
"1470","18","217","","アシスト","-"
"1471","18","101","","連続攻撃","レンゾクコウゲキ"
"1472","18","106","","突進攻撃","トッシンコウゲキ"
"1473","18","107","","ノックバック","-"
"1474","18","108","","引き寄せ","ヒキヨセ"
"1475","18","310","","アイスドトームリス","-"
"1476","18","311","","情報値","ジョウホウチ"
"1477","18","212","","ウルフハートボックス","-"
"1478","18","213","","ウルフハートキット","-"
"1479","18","400","","コア","-"
"1480","18","401","","魔導フィールド","マドウフィールド"
"1481","18","402","","タワー","-"
"1482","18","403","","ハンガー","-"
"1483","18","404","","青燐水","セイリンスイ"
"1484","18","405","","パワージェネレーター","-"
"1485","18","406","","スチームカノン","-"
"1486","18","407","","オートマトン・バイキング","バイキング"
"1487","18","408","","オートマトン・マグス","マグス"
"1488","18","409","","機工兵器","キコウヘイキ"
"1489","18","410","","クルーズチェイサー","-"
"1490","18","411","","オプレッサー","-"
"1491","18","412","","ブルートジャスティス","-"
"1492","18","4","","ロールアクション","-"
"1494","18","202","","クイックチャット","-"
"1496","18","413","","青燐機関車","セイリンキカンシャ"
"1497","18","415","","ゴブリタンク","-"
"1498","18","416","","ゴブリン・マーシナリー","-"
"1499","18","500","","戦略値","センリャクチ"
"1500","19","0","@","【オンラインステータス】","オンラインステータス."
"1501","19","1","","オンライン","-"
"1502","19","5","","離席","リセキ"
"1503","19","6","","取り込み中","トリコミチュウ"
"1504","19","8","","パーティ希望","パーティキボウ"
"1505","19","9","","マテリア装着請負中","マテリアソウチャクウケオイチュウ"
"1506","19","3","","コンテンツ中","コンテンツチュウ"
"1507","19","2","","オフライン","-"
"1508","19","4","","パーティ募集中","パーティボシュウチュウ"
"1509","19","11","","ビギナー","-"
"1510","19","13","","メンター","-"
"1511","19","14","","バトルメンター","-"
"1512","19","15","","PvPメンター","-"
"1513","19","16","","製作採集メンター","セイサクサイシュウメンター"
"1514","19","10","","ロールプレイ中","ロールプレイチュウ"
"1515","19","11","","リターナー","-"
"1516","19","7","","イベント中","イベントチュウ"
"1521","18","501","","無垢の土地","ムクノトチ"
"1522","18","502","","契約","ケイヤク"
"1523","18","600","","タクティカルクリスタル","-"
"1524","18","601","","クリスタルポイント","-"
"1525","18","602","","勝ち星","カチボシ"
"1526","18","603","","チーム・アストラ","アストラ"
"1527","18","604","","チーム・アンブラ","アンブラ"
"1550","20","0","@","【コミュニケーション】","コミュニケーション."
"1551","20","1","","チャット","-"
"1552","20","3","","Tell","テル"
"1553","20","2","","Say","セイ"
"1554","20","4","","Shout","シャウト"
"1555","20","5","","Yell","エール"
"1556","20","20","","フレンドリスト","-"
"1557","20","21","","ブラックリスト","-"
"1558","20","23","","PCサーチ","-"
"1559","20","24","","リンクシェル","-"
"1560","20","26","","モグレター","-"
"1561","20","30","","ロードストーン","-"
"1562","20","31","","日記","ニッキ"
"1563","20","32","","フォロー","-"
"1564","20","33","","フォーラム","-"
"1565","20","34","","ランキング","-"
"1566","20","35","","グランドカンパニーランキング","-"
"1567","20","36","","フリーカンパニーランキング","-"
"1568","20","6","","Party","パーティ."
"1569","20","7","","Alliance","アライアンス."
"1570","20","8","","Linkshell","リンクシェル."
"1571","20","9","","FreeCompany","フリーカンパニー.."
"1572","20","10","","Beginner","ビギナー."
"1573","20","11","","PvPTeam","PvPチーム."
"1574","20","12","","CrossWorldLinkshell","クロスワールドリンクシェル."
"1575","20","25","","クロスワールドリンクシェル","-"
"1576","20","22","","コンタクトリスト","-"
"1577","20","37","","コミュニティファインダー","-"
"1600","22","0","@","【製作&採集】","セイサク&サイシュウ."
"1601","22","1","","シャード","-"
"1602","22","2","","クリスタル","-"
"1603","22","3","","クラスター","-"
"1604","22","20","","マテリア","-"
"1605","22","21","","マテリア精製","マテリアセイセイ"
"1606","22","22","","マテリアクラフト","-"
"1607","22","30","","マーケット","-"
"1608","22","31","","マーケットサーチ","-"
"1609","22","10","","HQ","ハイクオリティ"
"1610","22","11","","Rare","レア"
"1611","22","12","","Ex","エクスクルーシブ"
"1612","22","40","","素材","ソザイ"
"1613","22","41","","簡易製作","カンイセイサク"
"1614","22","42","","品質","ヒンシツ"
"1615","22","43","","高品質","コウヒンシツ"
"1616","22","44","","最高品質","サイコウヒンシツ"
"1617","22","50","","修理","シュウリ"
"1618","22","51","","修理材","シュウリザイ"
"1619","22","60","","染色","センショク"
"1620","22","70","","良木","リョウギ"
"1621","22","71","","伐採","バッサイ"
"1622","22","72","","草刈","クサカリ"
"1623","22","73","","採掘場","サイクツバ"
"1624","22","74","","採掘","サイクツ"
"1625","22","75","","砕岩","サイガン"
"1626","22","90","","釣り","ツリ"
"1627","22","23","","マテリア装着","マテリアソウチャク"
"1628","22","24","","禁断のマテリア装着","キンダンノマテリアソウチャク"
"1629","22","200","","栽培","サイバイ"
"1630","22","201","","育成","イクセイ"
"1631","22","202","","収穫","シュウカク"
"1632","22","45","","秘伝書","ヒデンショ"
"1633","22","100","","分解","ブンカイ"
"1634","22","91","","ヌシ釣り","ヌシヅリ"
"1635","22","92","","リリース","-"
"1636","22","76","","未知の採集場所","ミチノサイシュウバショ"
"1637","22","13","","収集品","シュウシュウヒン"
"1638","22","101","","マイスター","-"
"1639","22","102","","護符","ゴフ"
"1640","22","103","","伝承録","デンショウロク"
"1642","22","160","","ギャザラースクリップ","-"
"1647","22","153","","クラフタースクリップ:黄貨","オウカ"
"1648","22","163","","ギャザラースクリップ:黄貨","オウカ."
"1649","22","154","","クラフタースクリップ:白貨","ハクカ"
"1650","22","164","","ギャザラースクリップ:白貨","ハクカ."
"1651","22","77","","簡易採集","カンイサイシュウ"
"1652","22","78","","製作練習","セイサクレンシュウ"
"1653","22","252","","蒼天街振興券","ソウテンガイシンコウケン"
"1654","22","14","","収集価値","シュウシュウカチ"
"1655","22","155","","クラフタースクリップ:紫貨","シカ"
"1656","22","165","","ギャザラースクリップ:紫貨","シカ."
"1657","22","93","","刺突漁","シトツリョウ"
"1658","22","79","","開拓採集","カイタクサイシュウ"
"1659","22","80","","開拓製作","カイタクセイサク"
"1660","22","166","","シェルダレースクリップ:青船貨","セイセンカ"
"1661","22","167","","シェルダレースクリップ:緑島貨","リョクトウカ"
"1662","22","81","","ギャザラーロールアクション","-"
"1900","23","0","@","【蛮神&蛮族】","バンシン&バンゾク."
"1901","23","1","","蛮神","バンシン"
"1902","23","10","","イフリート","-"
"1903","23","11","","タイタン","-"
"1904","23","12","","ガルーダ","-"
"1905","23","18","","バハムート","-"
"1906","23","13","","モグル・モグXII世","モグルモグジュウニセイ"
"1907","23","2","","蛮族","バンゾク"
"1908","23","101","","アマルジャ","-"
"1909","23","102","","シルフ","-"
"1910","23","103","","イクサル","-"
"1911","23","104","","コボルド","-"
"1912","23","105","","サハギン","-"
"1913","23","14","","リヴァイアサン","-"
"1914","23","15","","ラムウ","-"
"1915","23","16","","シヴァ","-"
"1916","23","32","","アレキサンダー","-"
"1917","23","30","","ラーヴァナ","-"
"1918","23","31","","ビスマルク","-"
"1919","23","110","","グナース","-"
"1920","23","111","","バヌバヌ","-"
"1921","23","106","","ゴブリン","-"
"1922","23","113","","ドラゴン","-"
"1923","23","33","","ニーズヘッグ","-"
"1924","23","34","","セフィロト","-"
"1925","23","35","","ソフィア","-"
"1926","23","36","","ズルワーン","-"
"1927","23","112","","コウジン","-"
"1928","23","120","","アナンタ","-"
"1929","23","40","","スサノオ","-"
"1930","23","41","","ラクシュミ","-"
"1931","23","42","","神龍","シンリュウ"
"1932","23","43","","オメガ","-"
"1933","23","44","","白虎","ビャッコ"
"1934","23","45","","ツクヨミ","-"
"1935","23","114","","モーグリ","-"
"1936","23","121","","ナマズオ","-"
"1937","23","17","","フェニックス","-"
"1938","23","19","","オーディン","-"
"1939","23","46","","朱雀","スザク"
"1940","23","47","","青龍","セイリュウ"
"1941","23","48","","ティターニア","-"
"1942","23","49","","イノセンス","-"
"1943","23","50","","ハーデス","-"
"1944","23","122","","ドワーフ","-"
"1945","23","123","","ピクシー","-"
"1946","23","124","","ン・モゥ","-"
"1947","23","125","","キタリ","-"
"1948","23","51","","ルビーウェポン","-"
"1949","23","52","","ウォーリア・オブ・ライト","ウォーリアオブライト"
"1950","23","53","","エメラルドウェポン","-"
"1951","23","54","","ダイヤウェポン","-"
"1952","23","126","","マタンガ","-"
"1953","23","127","","アルカソーダラ","-"
"1954","23","128","","レポリット","-"
"1955","23","55","","ゾディアーク","-"
"1956","23","56","","ハイデリン","-"
"1957","23","129","","オミクロン","-"
"1958","23","57","","バルバリシア","-"
"1959","23","58","","ルビカンテ","-"
"2000","24","0","@","【コンテンツ】","コンテンツ."
"2001","24","100","","コンテンツ","-"
"2002","24","1","","クエスト","-"
"2003","24","2","","メインクエスト","-"
"2004","24","3","","サブクエスト","-"
"2005","24","4","","クラスクエスト","-"
"2006","24","5","","ジョブクエスト","-"
"2007","24","6","","グランドカンパニークエスト","-"
"2008","24","101","","FATE","フェイト"
"2009","24","600","","ギルドリーヴ","-"
"2010","24","601","","リーヴ","-"
"2011","24","602","","傭兵稼業","ヨウヘイカギョウ"
"2012","24","603","","採集稼業","サイシュウカギョウ"
"2013","24","604","","製作稼業","セイサクカギョウ"
"2015","24","606","","グランドカンパニーリーヴ","-"
"2017","24","608","","リーヴリンク","-"
"2018","24","609","","リーヴの受注権","リーヴノジュチュウケン"
"2019","24","610","","リーヴの難易度","リーヴノナンイド"
"2020","24","500","","ギルドオーダー","-"
"2021","24","1000","","ダンジョン","-"
"2022","24","2000","","討伐戦","トウバツセン"
"2023","24","2001","","討滅戦","トウメツセン"
"2024","24","2002","","強襲戦","キョウシュウセン"
"2025","24","3000","","レイド","-"
"2026","24","6101","","コロセウム","-"
"2027","24","1005","","トトラクの千獄","トトラクノセンゴク"
"2028","24","1002","","タムタラの墓所","タムタラノボショ"
"2029","24","1003","","カッパーベル銅山","カッパーベルドウザン"
"2030","24","1001","","サスタシャ浸食洞","サスタシャシンショクドウ"
"2031","24","1012","","オーラムヴェイル","-"
"2032","24","1006","","ハウケタ御用邸","ハウケタゴヨウテイ"
"2033","24","1004","","ハラタリ修練所","ハラタリシュウレンジョ"
"2034","24","1007","","ブレイフロクスの野営地","ブレイフロクスノヤエイチ"
"2035","24","1008","","カルン埋没寺院","カルンマイボツジイン"
"2036","24","1013","","ワンダラーパレス","-"
"2037","24","1010","","ストーンヴィジル","-"
"2038","24","1009","","カッターズクライ","-"
"2039","24","1011","","ゼーメル要塞","ゼーメルヨウサイ"
"2040","24","1016","","古城アムダプール","コジョウアムダプール"
"2041","24","1014","","カストルム・メリディアヌム","-"
"2042","24","1015","","魔導城プラエトリウム","マドウジョウプラエトリウム"
"2043","24","501","","集団戦訓練をくぐり抜けろ！","シュウダンセンクンレンヲクグリヌケロ!"
"2044","24","502","","彷徨う死霊を討て！","サマヨウシリョウヲウテ!"
"2045","24","503","","全関門を突破し、最深部の敵を討て！","ゼンカンモンヲトッパシサイシンブノテキヲウテ!"
"2046","24","504","","ギルガメを捕獲せよ！","ギルガメヲホカクセヨ!"
"2047","24","505","","有毒妖花を駆除せよ！","ユウドクヨウカヲクジョセヨ!"
"2048","24","506","","無法者「似我蜂団」を撃滅せよ！","ムホウモノジガホウダンヲゲキメツセヨ!"
"2049","24","507","","夢幻のブラキシオを討て！","ムゲンノブラキシオヲウテ!"
"2050","24","508","","爆弾魔ゴブリン軍団を撃滅せよ！","バクダンマゴブリングンダンヲゲキメツセヨ!"
"2051","24","509","","汚染源モルボルを討て！","オセンゲンモルボルヲウテ!"
"2052","24","510","","坑道に現れた妖異ブソを討て！","コウドウニアラワレタヨウイブソヲウテ!"
"2053","24","511","","無敵の眷属を従えし、大型妖異を討て！","ムテキノケンゾクヲシタガエシオオガタヨウイヲウテ!"
"2054","24","512","","ボムを率いる「ボムクイーン」を討て！","ボムヲヒキイルボムクイーンヲウテ!"
"2055","24","513","","不気味な陣形を組む妖異をせん滅せよ！","ブキミナジンケイヲクムヨウイヲセンメツセヨ!"
"2056","24","514","","三つ巴の巨人族を制し、遺物を守れ！","ミツドモエノキョジンゾクヲセイシイブツヲマモレ!"
"2057","24","2010","","イフリート討伐戦","イフリートトウバツセン"
"2058","24","2015","","タイタン討伐戦","タイタントウバツセン"
"2059","24","2020","","ガルーダ討伐戦","ガルーダトウバツセン"
"2060","24","2011","","真イフリート討滅戦","シンイフリートトウメツセン"
"2061","24","2016","","真タイタン討滅戦","シンタイタントウメツセン"
"2062","24","2021","","真ガルーダ討滅戦","シンガルーダトウメツセン"
"2063","24","2025","","リットアティン強襲戦","リットアティンキョウシュウセン"
"2064","24","3010","","大迷宮バハムート","ダイメイキュウバハムート"
"2065","24","6100","","ウルヴズジェイル","-"
"2066","24","2012","","極イフリート討滅戦","ゴクイフリートトウメツセン"
"2067","24","2017","","極タイタン討滅戦","ゴクタイタントウメツセン"
"2068","24","2022","","極ガルーダ討滅戦","ゴクガルーダトウメツセン"
"2069","24","2030","","善王モグル・モグXII世討滅戦","ゼンオウモグルモグジュウニセイトウメツセン"
"2070","24","2035","","アルテマウェポン破壊作戦","アルテマウェポンハカイサクセン"
"2071","24","3501","","クリスタルタワー","-"
"2072","24","3012","","邂逅編","カイコウヘン"
"2073","24","3502","","古代の民の迷宮","コダイノタミノメイキュウ"
"2074","24","300","","ディサイファー","-"
"2075","24","301","","ハードモード","-"
"2076","24","110","","コンテンツルーレット","-"
"2077","24","3013","","侵攻編","シンコウヘン"
"2078","24","1020","","シリウス大灯台","シリウスダイトウダイ"
"2079","24","2031","","極王モグル・モグXII世討滅戦","ゴクオウモグルモグジュウニセイトウメツセン"
"2080","24","2040","","真リヴァイアサン討滅戦","シンリヴァイアサントウメツセン"
"2081","24","2041","","極リヴァイアサン討滅戦","ゴクリヴァイアサントウメツセン"
"2082","24","2026","","ドルムキマイラ討伐戦","ドルムキマイラトウバツセン"
"2083","24","2027","","ハイドラ討伐戦","ハイドラトウバツセン"
"2084","24","2045","","ギルガメッシュ討伐戦","ギルガメッシュトウバツセン"
"2085","24","6000","","PvP","-"
"2086","24","10","","友好部族クエスト","ユウコウブゾククエスト"
"2087","24","11","","友好部族デイリークエスト","ユウコウブゾクデイリークエスト"
"2088","24","12","","友好部族ストーリークエスト","ユウコウブゾクストーリークエスト"
"2089","24","20","","サブストーリークエスト","-"
"2090","24","104","","トレジャーハント","-"
"2091","24","21","","クロニクルクエスト","-"
"2092","24","22","","シーズナルイベント","-"
"2093","24","1021","","古アムダプール市街","コアムダプールシガイ"
"2094","24","310","","黄道十二文書","コウドウジュウニモンジョ"
"2095","24","311","","スフィアスクロール","-"
"2096","24","105","","モブハント","-"
"2097","24","106","","リスキーモブ","-"
"2098","24","2050","","真ラムウ討滅戦","シンラムウトウメツセン"
"2099","24","2051","","極ラムウ討滅戦","ゴクラムウトウメツセン"
"2100","24","3503","","シルクスの塔","シルクスノトウ"
"2101","24","3011","","大迷宮バハムート零式","ダイメイキュウバハムートレイシキ"
"2102","24","6201","","カルテノー平原","カルテノーヘイゲン"
"2103","24","1022","","ハルブレーカー・アイル","ハルブレーカーアイル"
"2104","24","6200","","フロントライン","-"
"2106","24","112","","エキスパート","-"
"2108","24","3014","","真成編","シンセイヘン"
"2109","24","2055","","真シヴァ討滅戦","シンシヴァトウメツセン"
"2110","24","2056","","極シヴァ討滅戦","ゴクシヴァトウメツセン"
"2111","24","1023","","スノークローク大氷壁","スノークロークダイヒョウヘキ"
"2112","24","2060","","アマジナ杯闘技会決勝戦","アマジナハイトウギカイケッショウセン"
"2113","24","23","","納品クエスト","ノウヒンクエスト"
"2114","24","2061","","闘神オーディン討滅戦","トウシンオーディントウメツセン"
"2115","24","3504","","闇の世界","ヤミノセカイ"
"2117","24","6203","","外縁遺跡群 (制圧戦)","ガイエンイセキグンセイアツセン"
"2119","24","1024","","黙約の塔","モクヤクノトウ"
"2120","24","2046","","真ギルガメッシュ討滅戦","シンギルガメッシュトウメツセン"
"2121","24","320","","アシエン","-"
"2122","24","321","","ヴォイド","-"
"2123","24","1104","","グブラ幻想図書館","グブラゲンソウトショカン"
"2124","24","1106","","ネバーリープ","-"
"2125","24","1103","","イシュガルド教皇庁","イシュガルドキョウコウチョウ"
"2126","24","1107","","フラクタル・コンティニアム","-"
"2127","24","1100","","ダスクヴィジル","-"
"2128","24","1101","","ソーム・アル","-"
"2129","24","1105","","魔科学研究所","マカガクケンキュウジョ"
"2130","24","1102","","ドラゴンズエアリー","-"
"2131","24","2100","","真ラーヴァナ討滅戦","シンラーヴァナトウメツセン"
"2132","24","2101","","極ラーヴァナ討滅戦","ゴクラーヴァナトウメツセン"
"2133","24","2105","","真ビスマルク討滅戦","シンビスマルクトウメツセン"
"2134","24","2106","","極ビスマルク討滅戦","ゴクビスマルクトウメツセン"
"2135","24","6205","","シールロック (争奪戦)","ソウダツセン"
"2137","24","3050","","機工城アレキサンダー","キコウジョウアレキサンダー"
"2138","24","3051","","機工城アレキサンダー零式","キコウジョウアレキサンダーレイシキ"
"2139","24","3052","","起動編","キドウヘン"
"2140","24","2065","","アシエン・ナプリアレス討伐戦","アシエンナプリアレストウバツセン"
"2141","24","2066","","皇都イシュガルド防衛戦","コウトイシュガルドボウエイセン"
"2142","24","2110","","ナイツ・オブ・ラウンド討滅戦","ナイツオブラウンドトウメツセン"
"2143","24","611","","神殿騎士団リーヴ","シンデンキシダンリーヴ"
"2144","24","1108","","聖モシャーヌ植物園","セイモシャーヌショクブツエン"
"2145","24","3510","","シャドウ・オブ・マハ","シャドウオブマハ"
"2146","24","3511","","魔航船ヴォイドアーク","マコウセンヴォイドアーク"
"2147","24","102","","初心者の館","ショシンシャノヤカタ"
"2148","24","1109","","逆さの塔","サカサノトウ"
"2149","24","3053","","律動編","リツドウヘン"
"2150","24","2120","","魔神セフィロト討滅戦","マジンセフィロトトウメツセン"
"2151","24","2121","","極魔神セフィロト討滅戦","ゴクマジンセフィロトトウメツセン"
"2153","24","6103","","ザ・フィースト","ザフィースト"
"2154","24","103","","木人討滅戦","モクジントウメツセン"
"2155","24","1110","","ソール・カイ","ソールカイ"
"2156","24","3512","","禁忌都市マハ","キンキトシマハ"
"2157","24","4000","","ディープダンジョン","-"
"2158","24","4001","","死者の宮殿","シシャノキュウデン"
"2159","24","2115","","ニーズヘッグ征竜戦","ニーズヘッグセイリュウセン"
"2160","24","2116","","極ニーズヘッグ征竜戦","ゴクニーズヘッグセイリュウセン"
"2161","24","6207","","フィールド・オブ・グローリー (砕氷戦)","サイヒョウセン"
"2163","24","6001","","デュエル","-"
"2164","24","1111","","ゼルファトル","-"
"2165","24","2125","","女神ソフィア討滅戦","メガミソフィアトウメツセン"
"2166","24","2126","","極女神ソフィア討滅戦","ゴクメガミソフィアトウメツセン"
"2167","24","3054","","天動編","テンドウヘン"
"2168","24","1112","","バエサルの長城","バエサルノチョウジョウ"
"2169","24","3513","","影の国ダン・スカー","カゲノクニダンスカー"
"2170","24","2130","","鬼神ズルワーン討滅戦","キジンズルワーントウメツセン"
"2171","24","2131","","極鬼神ズルワーン討滅戦","ゴクキジンズルワーントウメツセン"
"2172","24","1201","","紫水宮","シスイキュウ"
"2173","24","1202","","バルダム覇道","バルダムハドウ"
"2174","24","1203","","ドマ城","ドマジョウ"
"2175","24","1204","","カストルム・アバニア","カストルムアバニア"
"2176","24","2200","","スサノオ討滅戦","スサノオトウメツセン"
"2177","24","2201","","極スサノオ討滅戦","ゴクスサノオトウメツセン"
"2178","24","2205","","ラクシュミ討滅戦","ラクシュミトウメツセン"
"2179","24","2206","","極ラクシュミ討滅戦","ゴクラクシュミトウメツセン"
"2180","24","2210","","神龍討滅戦","シンリュウトウメツセン"
"2181","24","3100","","次元の狭間オメガ","ジゲンノハザマオメガ"
"2182","24","3101","","次元の狭間オメガ零式","ジゲンノハザマオメガレイシキ"
"2183","24","3102","","デルタ編","デルタヘン"
"2184","24","1207","","星導山寺院","セイドウザンジイン"
"2185","24","1208","","スカラ","-"
"2186","24","2211","","極神龍討滅戦","ゴクシンリュウトウメツセン"
"2187","24","3500","","アライアンスレイド","-"
"2188","24","3520","","リターン・トゥ・イヴァリース","リターントゥイヴァリース"
"2189","24","3521","","失われた都 ラバナスタ","ウシナワレタミヤコラバナスタ"
"2190","24","3400","","絶バハムート討滅戦","ゼツバハムートトウメツセン"
"2191","24","6300","","ライバルウィングズ","-"
"2192","24","6301","","アストラガロス (機工戦)","キコウセン"
"2193","24","1209","","獄之蓋","ゴクノフタ"
"2194","24","2215","","白虎征魂戦","ビャッコセイコンセン"
"2195","24","2216","","極白虎征魂戦","ゴクビャッコセイコンセン"
"2196","24","3103","","シグマ編","シグマヘン"
"2197","24","4050","","禁断の地 エウレカ","キンダンノチエウレカ"
"2198","24","4051","","アネモス編","アネモスヘン"
"2200","49","0","Mount[1-1,4-6,8-9,15-15,18-22,25-38,40-50,52-56,58-59,62-62,65-65,67-78,80-84,86-87,90-102,104-106,108-116,121-127,130-130,133-133,135-136,138-146,148-148,150-154,156-156,158-164,166-168,170-195,197-197,200-209,211-220,222-226,228-243,245-250,252-260,261-269,273-274,277-277,279-282,284-288,291-294,297-298,299-306,308-308,310-317,319-322,324-325]","【マウント】","マウント."
"2201","50","0","ClassJob[1-40]","【クラス・ジョブ】","クラスジョブ."
"2202","51","0","PlaceName[20-37,39-59,61-65,94-94,107-107,112-112,123-123,125-125,128-129,140-140,154-154,184-184,206-206,216-216,218-218,223-223,230-230,237-237,239-239,260-260,271-271,290-290,300-300,313-313,323-323,325-325,331-331,337-337,350-350,357-361,386-386,388-388,392-392,401-401,404-404,406-406,411-411,418-418,425-427,430-430,457-457,464-468,478-478,493-493,496-498,548-548,617-617,694-695,733-733,1301-1304,1334-1334,1363-1363,1374-1374,1377-1377,1390-1390,1399-1399,1406-1409,1431-1431,1484-1484,1500-1500,1628-1628,1633-1633,1638-1638,1645-1645,1647-1647,1664-1665,1708-1708,1714-1714,1723-1723,1731-1731,1740-1740,1742-1742,1759-1759,1792-1793,1799-1802,1805-1805,1807-1807,1809-1809,1835-1835,1841-1841,1847-1847,1853-1853,1857-1857,1868-1868,1884-1884,2000-2002,2018-2018,2025-2025,2031-2031,2034-2034,2038-2038,2042-2042,2046-2046,2050-2050,2081-2082,2088-2088,2090-2090,2099-2101,2116-2116,2123-2123,2130-2131,2147-2148,2151-2151,2178-2178,2181-2181,2200-2200,2204-2204,2214-2214,2256-2256,2265-2266,2295-2295,2297-2301,2310-2310,2327-2327,2340-2340,2354-2354,2357-2360,2367-2367,2372-2372,2383-2383,2400-2404,2406-2414,2448-2450,2462-2462,2483-2483,2485-2485,2496-2496,2499-2499,2510-2510,2529-2530,2545-2545,2549-2549,2586-2586,2589-2589,2613-2613,2634-2634,2646-2646,2660-2660,2665-2665,2670-2670,2691-2691,2693-2693,2707-2708,2715-2715,2717-2720,2725-2725,2727-2727,2736-2736,2762-2762,2769-2769,2773-2773,2775-2775,2779-2779,2793-2793,2801-2801,2805-2805,2810-2810,2813-2814,2822-2822,2833-2833,2850-2851,2864-2864,2936-2936,2950-2958,2979-2979,2982-2982,2985-2985,2997-2997,3007-3007,3017-3018,3044-3044,3050-3050,3057-3057,3075-3075,3094-3094,3105-3105,3122-3122,3129-3129,3135-3135,3139-3139,3147-3147,3156-3157,3170-3170,3179-3179,3195-3195,3205-3205,3214-3220,3222-3222,3229-3229,3378-3378,3385-3385,3425-3425,3435-3435,3442-3442,3467-3469,3477-3477,3486-3487,3492-3492,3511-3511,3534-3534,3568-3568,3581-3581,3590-3590,3595-3597,3620-3620,3635-3635,3644-3644,3647-3647,3662-3663,3684-3686,3700-3713,3736-3736,3759-3759,3769-3770,3783-3783,3797-3798,3818-3818,3833-3833,3850-3850,3852-3852,3880-3880,3886-3886,3894-3894,3903-3903,3915-3915,3926-3926,3928-3929,3938-3938,3949-3949,3966-3966,3973-3973,3978-3978,3983-3983,4015-4015,4042-4043,4090-4093,4098-4098,4100-4100,4111-4111,4118-4118,4135-4135,4139-4139,4146-4146,4154-4154,4167-4167,4180-4180,4196-4199,4227-4227,4249-4250,4258-4258,4270-4270,4287-4287,4289-4289,4296-4297,4307-4308,4338-4338,4358-4358,4362-4362,4375-4375]","【地名】","チメイ."
"2203","52","0","Race","【民族】","ミンゾク."
"2204","53","0","Tribe","【部族】","ブゾク."
"2205","54","0","GuardianDeity[1-12]","【守護神】","シュゴシン."
"2206","55","0","GeneralAction[1-10,12-22,24-27]","【ジェネラルアクション】","ジェネラルアクション."
"2207","56","0","Action[9-9,15-17,20-22,23-24,27-31,37-38,40-46,48-49,51-54,56-56,61-62,65-66,69-70,74-75,78-78,83-88,90-90,92-92,94-98,100-101,106-107,110-110,112-114,116-121,124-125,127-127,131-133,135-137,139-142,144-144,147-147,149-149,152-159,162-163,166-167,172-173,181-181,185-186,188-190,197-208,210-211,215-215,218-218,220-222,224-224,227-228,232-232,235-235,237-241,260-260,268-269,272-273,280-280,288-291,294-297,299-300,303-303,802-803,805-805,2135-2135,2240-2242,2245-2248,2254-2255,2258-2272,2864-2864,2866-2866,2868-2868,2870-2870,2872-2874,2876-2876,2878-2878,2887-2887,2890-2890,3538-3543,3545-3547,3549-3552,3554-3563,3566-3566,3568-3571,3573-3574,3576-3579,3581-3587,3590-3590,3593-3596,3598-3601,3603-3603,3606-3606,3608-3608,3610-3610,3612-3615,3617-3617,3621-3621,3623-3625,3629-3629,3632-3632,3634-3634,3636-3636,3638-3641,3643-3643,4072-4073,4081-4081,4086-4087,4095-4095,4100-4100,4102-4106,4179-4179,4238-4248,4262-4262,4401-4406,4574-4574,4589-4589,4595-4596,4631-4631,4639-4639,7381-7416,7418-7422,7426-7445,7447-7447,7449-7449,7477-7493,7495-7499,7503-7507,7509-7521,7523-7531,7533-7533,7535-7535,7537-7538,7540-7542,7546-7546,7548-7549,7551-7551,7553-7554,7557-7557,7559-7562,7568-7568,7571-7571,7632-7632,7861-7863,7867-7867,7869-7869,7903-7906,7909-7911,8324-8324,9629-9629,15989-16015,16137-16165,16191-16196,16457-16489,16491-16507,16510-16511,16514-16519,16524-16536,16539-16543,16545-16546,16548-16548,16550-16557,16559-16560,16578-16578,16766-16766,16889-16889,17055-17055,17105-17106,17206-17206,17209-17209,17215-17215,17864-17865,18073-18073,19004-19004,19012-19012,19264-19264,19297-19297,21177-21178,21203-21205,22182-22185,24283-24318,24373-24405,24858-24859,25589-25590,25746-25755,25757-25774,25776-25840,25843-25851,25855-25862,25865-25868,25870-25876,25880-25880,25882-25885,26521-26521,26804-26806,26870-26872,27523-27523,29729-29734,32065-32068]","【アクション】","アクション."
"2208","57","0","CraftAction[100001-100004,100010-100010,100128-100128,100177-100177,100203-100203,100227-100227,100235-100235,100243-100243,100283-100283,100299-100299,100315-100315,100323-100323,100339-100339,100355-100355,100363-100363,100371-100371,100379-100379,100387-100387,100395-100395,100403-100403,100411-100411,100419-100419,100427-100427,100435-100435]","【製作アクション】","セイサクアクション."
"2209","58","0","BuddyAction","【バディアクション】","バディアクション."
"2210","59","0","PetAction[1-6]","【ペットアクション】","ペットアクション."
"2211","60","0","Weather[col-1,1-20,22-23,25-25,29-29,35-36,40-40,44-44,49-51,53-54,60-60,66-66,69-69,71-71,74-74,77-77,80-80,82-82,84-84,87-87,92-92,95-95,97-97,101-102,109-113,116-116,118-118,120-120,122-122,125-125,133-138,144-145,147-149,151-151,156-157,160-162,171-171]","【天候】","テンコウ."
"2212","61","0","MainCommand[col-<hex:0220020603>,1-36,41-42,44-44,56-62,64-70,72-82,84-99]","【メインコマンド】","メインコマンド."
"2213","62","0","TextCommand[col-<hex:0220020903>,col-<hex:0220020603>,1-31,33-211,213-271,273-275,277-321,323-455,459-643,646-649,651-653,657-657,664-664,671-671]","【テキストコマンド】","テキストコマンド."
"2214","63","0","Action[29054-29061,29064-29067,29069-29076,29078-29088,29091-29095,29097-29110,29123-29126,29128-29130,29223-29240,29242-29245,29249-29250,29253-29264,29266-29266,29371-29371,29391-29396,29399-29409,29412-29423,29428-29432,29469-29469,29472-29497,29499-29515,29523-29533,29535-29554,29559-29559,29566-29566,29649-29651,29653-29655,29657-29657,29659-29691,29695-29695,29697-29700,29702-29704,29707-29707,29711-29711,29736-29737,29783-29784]","【PvPアクション】","pvpアクション."
"2215","64","0","Pet[<hex:0220020103>,1-2,6-8,10-10,14-15,17-19,23-24,27-32]","【ペット】","ペット."
"2216","65","0","Companion[noun,1-67,71-152,154-222,224-453,455-460,462-475,477-486,488-490]","【ミニオン】","ミニオン."
"2217","66","0","PetMirage[col-<hex:0220020303>]","【エギの見た目】","エギノミタメ."
"2218","67","0","ActionComboRoute[50-59]","【PvPコンボアクション】","pvpコンボアクション."
"2219","68","0","Action[12958-13007,14476-14481]","【ロゴスアクション】","ロゴスアクション."
"2220","69","0","Action[11383-11431,18295-18325,23264-23267,23269-23273,23275-23288,23290-23290]","【青魔法】","アオマホウ."
"2221","70","0","Action[20701-20770,22344-22356,23907-23922]","【ロストアクション】","ロストアクション."
"2900","28","0","@","【ジョブHUD】","ジョブHUD."
"2901","28","1","","オウスゲージ","-"
"2902","28","2","","オウス","-"
"2904","28","11","","闘気シンボル","トウキシンボル"
"2905","28","20","","ビーストゲージ","-"
"2906","28","21","","インナービースト","-"
"2907","28","30","","竜血ゲージ","リュウケツゲージ"
"2908","28","31","","ドラゴンアイ","-"
"2909","28","40","","戦歌ゲージ","センカゲージ"
"2910","28","41","","詩心","シシン"
"2911","28","50","","ヒーリングケーン","-"
"2912","28","51","","ヒーリングリリー","-"
"2913","28","60","","エレメンタルゲージ","-"
"2914","28","61","","アンブラルハート","-"
"2915","28","70","","エーテルフローシンボル","-"
"2916","28","72","","バハムートエーテル","-"
"2917","28","71","","トランスゲージ","-"
"2919","28","80","","エーテルゲージ","-"
"2920","28","81","","フェイエーテル","-"
"2921","28","90","","風遁シンボル","フウトンシンボル"
"2922","28","91","","忍気ゲージ","ニンキゲージ"
"2923","28","92","","忍気","ニンキ"
"2926","28","102","","ヒートゲージ","-"
"2927","28","103","","オーバーヒート","-"
"2928","28","110","","ブラッドゲージ","-"
"2930","28","120","","アルカナシンボル","-"
"2931","28","130","","雪月花シンボル","セツゲッカシンボル"
"2932","28","131","","閃","セン"
"2933","28","132","","剣気ゲージ","ケンキゲージ"
"2934","28","133","","剣気","ケンキ"
"2935","28","140","","バランスゲージ","-"
"2936","28","141","","ホワイトマナ","-"
"2937","28","142","","ブラックマナ","-"
"2938","28","111","","ダークサイドシンボル","-"
"2939","28","52","","ブラッドリリー","-"
"2940","28","100","","エンジニアゲージ","-"
"2941","28","101","","バッテリーゲージ","-"
"2942","28","150","","ソイルシンボル","-"
"2943","28","160","","ステップシンボル","-"
"2944","28","161","","幻扇シンボル","ゲンセンシンボル"
"2946","28","134","","剣圧シンボル","ケンアツシンボル"
"2947","28","1000","","ソウルゲージ","-"
"2948","28","1003","","レムールシンボル","-"
"2949","28","1010","","エウクラシアシンボル","-"
"2950","28","1011","","アダーゲージ","-"
"2951","28","13","","必殺技シンボル","ヒッサツワザシンボル"
"2952","28","143","","マナスタックシンボル","-"
"2953","28","162","","エスプリゲージ","-"
"2954","28","44","","コーダシンボル","-"
"2955","28","42","","ソウルボイスゲージ","-"
"2956","28","63","","パラドックスシンボル","-"
"2957","28","1012","","アダーガル","-"
"2958","28","1023","","アダースティング","-"
"2959","28","112","","ダークアーツ","-"
"2960","28","62","","ポリグロット","-"
"2961","28","135","","剣圧","ケンアツ"
"2962","28","122","","アストロサイン","-"
"2963","28","14","","チャクラ","-"
"2964","28","12","","闘気","トウキ"
"2965","28","1002","","シュラウド","-"
"2966","28","1001","","シュラウドゲージ","-"
"2967","28","163","","エスプリ","-"
"2968","28","1004","","ヴォイドソウル","-"
"2969","28","1005","","レムールソウル","-"
"2970","28","43","","ソウルボイス","-"
"3000","25","0","@","【ゴールドソーサー】","ゴールドソーサー."
"3001","25","200","","チョコボレース","-"
"3002","25","201","","競走羽","キョウソウバ"
"3003","25","202","","新羽チョコボ","シンバチョコボ"
"3004","25","203","","引退チョコボ","インタイチョコボ"
"3005","25","204","","カップリング","-"
"3006","25","205","","総合力","ソウゴウリョク"
"3007","25","206","","血統レベル","ケットウレベル"
"3008","25","210","","コースルーレット","-"
"3009","25","211","","サゴリーロード","-"
"3010","25","213","","トランキルパス","-"
"3011","25","300","","トリプルトライアド","-"
"3012","25","301","","カード","-"
"3013","25","302","","カードタイプ","-"
"3014","25","303","","レアリティ","-"
"3015","25","304","","対戦","タイセン"
"3016","25","305","","大会","タイカイ"
"3017","25","306","","トーナメント","-"
"3018","25","307","","勝ち点","カチテン"
"3019","25","308","","特殊ルール","トクシュルール"
"3020","25","309","","流行ルール","リュウコウルール"
"3021","25","310","","対戦ルール","タイセンルール"
"3022","25","311","","大会ルール","タイカイルール"
"3023","25","312","","オールオープン","-"
"3024","25","313","","スリーオープン","-"
"3025","25","314","","セイム","-"
"3026","25","315","","サドンデス","-"
"3027","25","316","","プラス","-"
"3028","25","317","","ランダムハンド","-"
"3029","25","318","","オーダー","-"
"3030","25","319","","カオス","-"
"3031","25","320","","リバース","-"
"3032","25","321","","エースキラー","-"
"3033","25","322","","タイプアセンド","-"
"3034","25","323","","タイプディセンド","-"
"3035","25","324","","スワップ","-"
"3036","25","325","","ルーレット","-"
"3037","25","327","","デッキ","-"
"3038","25","328","","希望ルール：","キボウルール:"
"3039","25","1","","GATE","ゲイト"
"3040","25","100","","くじテンダー","クジテンダー"
"3041","25","101","","ジャンボ・くじテンダー","ジャンボクジテンダー"
"3042","25","102","","ミニ・くじテンダー","ミニクジテンダー"
"3043","25","103","","当選番号","トウセンバンゴウ"
"3044","25","400","","ロード・オブ・ヴァーミニオン","ロードオブヴァーミニオン"
"3045","25","401","","施設特効","シセツトッコウ"
"3046","25","402","","アルカナストーン","-"
"3047","25","403","","ゲート","-"
"3048","25","404","","シールド","-"
"3049","25","405","","サーチ・アイ","サーチアイ"
"3050","25","410","","アニマル","-"
"3051","25","411","","ドール","-"
"3052","25","413","","ガジェット","-"
"3053","25","406","","特殊技","トクシュワザ"
"3054","25","407","","トラップ","-"
"3055","25","2","","暴風！はないきフンガー","ボウフウハナイキフンガー"
"3056","25","3","","救出！ミニオンレスキュー","キュウシュツミニオンレスキュー"
"3060","25","212","","コスタ・デル・ソル","コスタデルソル"
"3061","25","412","","モンスター","-"
"3062","25","7","","挑戦！ジャンピングアスレチック","チョウセンジャンピングアスレチック"
"3063","25","8","","出撃！エアフォースパイロット","シュツゲキエアフォースパイロット"
"3064","25","500","","ドマ式麻雀","ドマシキマージャン"
"3065","25","9","","一閃！ 斬魔・デ・三昧 ","イッセンザンマデザンマイ"
"3300","26","0","@","【状態変化】","ジョウタイヘンカ."
"3301","26","2","","麻痺","マヒ"
"3302","26","3","","沈黙","チンモク"
"3303","26","4","","スタン","スタン"
"3304","26","5","","睡眠","スイミン"
"3305","26","6","","ヘヴィ","-"
"3306","26","7","","石化","セキカ.."
"3307","26","8","","魅了","ミリョウ"
"3308","26","9","","吸収","キュウシュウ"
"3309","26","10","","拘束","コウソク"
"3310","26","11","","変身","ヘンシン"
"3311","26","1","","毒","ドク"
"3313","25","326","","ドラフト","-"
"3314","25","329","","オフィシャルトーナメント","-"
"3500","8","101","","","マル"
"3501","8","102","","","バツ"
"3502","8","103","","","サンカク"
"3503","8","104","","","シカク"
"3504","8","1000","","内周","ナイシュウ"
"3505","8","1001","","外周","ガイシュウ"
"3506","8","1002","","時計回り","トケイマワリ"
"3507","8","1003","","反時計回り","ハントケイマワリ"
"3508","8","1004","","攻撃スタンス","コウゲキスタンス"
"3509","8","1005","","防御スタンス","ボウギョスタンス"
"3510","8","1050","","予兆","ヨチョウ"
"3511","8","1051","","視線","シセン"
"3512","8","1052","","円形","エンケイ"
"3513","8","1053","","扇状","オウギジョウ"
"3514","8","1054","","対角線","タイカクセン"
"3515","8","1055","","直線","チョクセン"
"3516","8","1056","","ドーナツ範囲","ドーナツハンイ"
"3517","8","1057","","線","セン"
"3518","8","1058","","球","タマ"
"3519","8","1059","","地面","ジメン"
"3520","8","1060","","壁","カベ"
"3521","8","1061","","柱","ハシラ"
"3522","8","1062","","岩","イワ"
"3523","8","1063","","炎","ホノオ"
"3524","8","1064","","水","ミズ"
"3525","8","1065","","氷","コオリ"
"3526","8","105","","","プラス."
"3527","8","1066","","爆発","バクハツ"
"3528","8","1067","","同時","ドウジ"
"3529","8","1068","","交互","コウゴ"
"3531","8","1070","","合体","ガッタイ"
"3535","8","1074","","集合","シュウゴウ"
"3536","8","1075","","散開","サンカイ"
"3540","8","1076","","頭割りダメージ","アタマワリダメージ"
"3541","8","1077","","反射ダメージ","ハンシャダメージ"
"3542","8","1078","","継続ダメージ","ケイゾクダメージ"
"3543","8","1079","","モードチェンジ","-"
"3544","8","1080","","フェーズ","-"
"3545","8","1081","","スタックバフ","-"
"3546","8","1082","","スタックデバフ","-"
"3547","8","1083","","ランダムターゲット","-"
"3600","27","0","@","【ディープダンジョン】","ディープダンジョン."
"3601","27","1","","転移の石塔","テンイノセキトウ"
"3602","27","2","","再生の石塔","サイセイノセキトウ"
"3603","27","100","","魔土器:呪印解除","マドキジュインカイジョ"
"3604","27","101","","魔土器:サイトロ","マドキサイトロ"
"3605","27","102","","魔土器:自己強化","マドキジコキョウカ"
"3606","27","103","","魔土器:防御強化","マドキボウギョキョウカ"
"3607","27","104","","魔土器:宝箱増加","マドキタカラバコゾウカ"
"3608","27","105","","魔土器:敵排除","マドキテキハイジョ"
"3609","27","106","","魔土器:敵変化","マドキテキヘンカ"
"3610","27","107","","魔土器:解呪","マドキカイジュ"
"3611","27","108","","魔土器:運気上昇","マドキウンキジョウショウ"
"3612","27","109","","魔土器:形態変化","マドキケイタイヘンカ"
"3613","27","110","","魔土器:魔法効果解除","マドキマホウコウカカイジョ"
"3614","27","111","","魔土器:マンティコア化","マドキマンティコアカ"
"3615","27","112","","魔土器:サキュバス化","マドキサキュバスカ"
"3616","27","113","","魔土器:財宝感知","マドキザイホウカンチ"
"3617","27","114","","魔土器:リレイズ","マドキリレイズ"
"3618","27","115","","魔土器:クリブ化","マドキクリブカ"
"3619","27","116","","魔土器:敵弱体","マドキテキジャクタイ"
"3620","27","117","","魔土器:バニシュ","マドキバニシュ"
"3621","27","118","","魔土器:敵石化","マドキテキセキカ"
"3622","27","200","","イフリートの魔石","イフリートノマセキ"
"3623","27","201","","タイタンの魔石","タイタンノマセキ"
"3624","27","202","","ガルーダの魔石","ガルーダノマセキ"
"3625","27","203","","オーディンの魔石","オーディンノマセキ"
"3626","27","3","","転移の灯篭","テンイノトウロウ"
"3627","27","4","","再生の灯篭","サイセイノトウロウ"
"3628","27","5","","再生装置","サイセイソウチ"
"3629","27","6","","転移装置","テンイソウチ"
"3630","27","220","","デミクローン・ウネ","デミクローンウネ"
"3631","27","221","","デミクローン・ドーガ","デミクローンドーガ"
"3632","27","222","","デミクローン・オニオンナイト","デミクローンオニオンナイト"
"3633","27","119","","魔科学器:スロウガ","マカガクキスロウガ"
"3634","27","120","","魔科学器:ミールストーム","マカガクキミールストーム"
"3635","27","121","","魔科学器:ドレッドノート化","マカガクキドレッドノートカ"
"3636","27","122","","魔科学器:呪印解除","マカガクキジュインカイジョ"
"3637","27","123","","魔科学器:サイトロ","マカガクキサイトロ"
"3638","27","124","","魔科学器:自己強化","マカガクキジコキョウカ"
"3639","27","125","","魔科学器:防御強化","マカガクキボウギョキョウカ"
"3640","27","126","","魔科学器:宝箱増加","マカガクキタカラバコゾウカ"
"3641","27","127","","魔科学器:敵排除","マカガクキテキハイジョ"
"3642","27","128","","魔科学器:敵変化","マカガクキテキヘンカ"
"3643","27","129","","魔科学器:解呪","マカガクキカイジュ"
"3644","27","130","","魔科学器:運気上昇","マカガクキウンキジョウショウ"
"3645","27","131","","魔科学器:形態変化","マカガクキケイタイヘンカ"
"3646","27","132","","魔科学器:魔法効果解除","マカガクキマホウコウカカイジョ"
"3647","27","133","","魔科学器:財宝感知","マカガクキザイホウカンチ"
"3648","27","134","","魔科学器:リレイズ","マカガクキリレイズ"
"4000","17","430","","マギアボード","-"
"4001","17","431","","マギアメルダー","-"
"4002","17","432","","魔晶石","マショウセキ"
"4003","17","433","","属性値","ゾクセイチ"
"4004","17","434","","エレメンタルレベル","-"
"4005","17","435","","ロゴスシャード","-"
"4007","17","437","","ロゴスミキサー","-"
"4008","17","438","","ロゴスアクション","-"
"4009","17","439","","エウレカウェポン","-"
"4011","17","55","","カスタムマッチ","-"
"4012","17","106","","MGP","-"
"4013","17","107","","ベンチャースクリップ","-"
"4014","17","355","","お得意様取引","オトクイサマトリヒキ"
"4017","17","357","","イシュガルド復興","イシュガルドフッコウ"
"4019","17","360","","オーシャンフィッシング","-"
"4020","17","359","","スカイスチールツール","-"
"4021","17","361","","ソーチョーの幻想盤","ソーチョーノゲンソウバン"
"4022","17","445","","ロストアクション","-"
"4023","17","444","","ロストホルダー","-"
"4024","17","443","","ロストボックス","-"
"4025","17","442","","ロストシャード","-"
"4026","17","440","","戦果","センカ"
"4027","17","441","","レジスタンスランク","-"
"4028","17","74","","自由探索","ジユウタンサク"
"4030","17","446","","ボズヤクラスター","-"
"4031","17","203","","ファッションアクセサリー","-"
"4032","17","448","","レジスタンス・ウェポン","-"
"4033","17","447","","ボズヤファインダー","-"
"4034","17","358","","Fête","フェトゥ"
"4036","17","168","","アラガントームストーン:天文","テンモン."
"4037","17","362","","愛用の見聞録","アイヨウノケンブンロク"
"4038","17","108","","トロフィークリスタル","-"
"4039","17","363","","ポートレート","-"
"4040","17","364","","アドベンチャラープレート","-"
"4041","17","365","","無人島開拓","ムジントウカイタク"
"4042","17","169","","アラガントームストーン:因果","インガ."
"4043","17","449","","マンダヴィルウェポン","-"
"4044","17","366","","モーエンツール","-"
"4045","17","170","","アラガントームストーン:神曲","シンキョク."
"5000","24","3001","","ノーマルレイド","-"
"5001","24","6002","","デイリーチャレンジ","-"
"5002","24","1210","","ガンエン廟","ガンエンビョウ"
"5003","24","3522","","封じられた聖塔 リドルアナ","フウジラレタセイトウリドルアナ"
"5004","24","2220","","ツクヨミ討滅戦","ツクヨミトウメツセン"
"5005","24","2221","","極ツクヨミ討滅戦","ゴクツクヨミトウメツセン"
"5006","24","3401","","絶アルテマウェポン破壊作戦","ゼツアルテマウェポンハカイサクセン"
"5007","24","4002","","アメノミハシラ","-"
"5008","24","2225","","リオレウス狩猟戦","リオレウスシュリョウセン"
"5009","24","2226","","極リオレウス狩猟戦","ゴクリオレウスシュリョウセン"
"5010","24","4052","","パゴス編","パゴスヘン"
"5011","24","1200","","セイレーン海","セイレーンカイ"
"5012","24","1205","","アラミゴ","-"
"5013","24","2111","","蒼天幻想ナイツ・オブ・ラウンド討滅戦","ソウテンゲンソウナイツオブラインドトウメツセン"
"5014","24","1211","","ザ・バーン","ザバーン"
"5015","24","2227","","朱雀征魂戦","スザクセイコンセン"
"5016","24","2228","","極朱雀征魂戦","ゴクスザクセイコンセン"
"5017","24","3104","","アルファ編","アルファヘン"
"5018","24","4053","","ピューロス編","ピューロスヘン"
"5019","24","1206","","クガネ城","クガネジョウ"
"5020","24","4049","","ディアデム諸島","ディアデムショトウ"
"5021","24","1212","","ギムリトダーク","-"
"5022","24","2229","","青龍征魂戦","セイリュウセイコンセン"
"5023","24","2230","","極青龍征魂戦","ゴクセイリュウセイコンセン"
"5024","24","3523","","楽欲の僧院 オーボンヌ","ギョウヨクノソウインオーボンヌ"
"5025","24","4054","","ヒュダトス編","ヒュダトスヘン"
"5026","24","6302","","ヒドゥンゴージ (機工戦)","ヒドゥンゴージキコウセン"
"5027","24","1213","","ホルミンスター","-"
"5028","24","1214","","ドォーヌ・メグ","-"
"5029","24","1215","","キタンナ神影洞","キタンナミカゲドウ"
"5030","24","1216","","マリカの大井戸","マリカノオオイド"
"5031","24","1217","","グルグ火山","グルグカザン"
"5032","24","1218","","アーモロート","-"
"5033","24","1219","","シルクス・ツイニング","-"
"5034","24","1220","","アナイダアカデミア","-"
"5035","24","2232","","ティターニア討滅戦","ティターニアトウメツセン"
"5036","24","2233","","極ティターニア討滅戦","ゴクティターニアトウメツセン"
"5037","24","2234","","イノセンス討滅戦","イノセンストウメツセン"
"5038","24","2235","","極イノセンス討滅戦","ゴクイノセンストウメツセン"
"5039","24","2236","","ハーデス討滅戦","ハーデストウメツセン"
"5040","24","3105","","希望の園エデン","キボウノソノエデン"
"5041","24","3106","","希望の園エデン零式","キボウノソノエデンレイシキ"
"5042","24","3107","","覚醒編","カクセイヘン"
"5043","24","2231","","真ヨウジンボウ討滅戦","シンヨウジンボウトウメツセン"
"5044","24","4055","","バルデシオンアーセナル","-"
"5045","24","1221","","グラン・コスモス","-"
"5046","24","2237","","極ハーデス討滅戦","ゴクハーデストウメツセン"
"5047","24","3402","","絶アレキサンダー討滅戦","ゼツアレキサンダートウメツセン"
"5048","24","3530","","複製サレタ工場廃墟","フクセイサレタコウジョウハイキョ"
"5049","24","6209","","オンサル・ハカイル (終節戦)","オンサルハカイルシュウセツセン"
"5050","24","1222","","アニドラス・アナムネーシス","-"
"5051","24","3108","","共鳴編","キョウメイヘン"
"5052","24","2238","","ルビーウェポン破壊作戦","ルビーウェポンハカイサクセン"
"5053","24","2239","","極ルビーウェポン破壊作戦","ゴクルビーウェポンハカイサクセン"
"5054","24","2240","","極シタデル・ボズヤ追憶戦","ゴクシタデルボズヤツイオクセン"
"5055","24","4057","","南方ボズヤ戦線","ナンポウボズヤセンセン"
"5056","24","1223","","ノルヴラント","-"
"5057","24","2241","","ウォーリア・オブ・ライト討滅戦","ウォーリアオブライトトウメツセン"
"5058","24","2242","","極ウォーリア・オブ・ライト討滅戦","ゴクウォーリアオブライトトウメツセン"
"5059","24","3531","","人形タチノ軍事基地","ニンギョウタチノグンジキチ"
"5061","24","4058","","スカーミッシュ","-"
"5062","24","4059","","クリティカルエンゲージメント","-"
"5063","24","4056","","セイブ・ザ・クイーン","セイブザクイーン"
"5064","24","1224","","マトーヤのアトリエ","マトーヤノアトリエ"
"5065","24","3109","","再生編","サイセイヘン"
"5066","24","2244","","エメラルドウェポン破壊作戦","エメラルドウェポンハカイサクセン"
"5067","24","2245","","極エメラルドウェポン破壊作戦","ゴクエメラルドウェポンハカイサクセン"
"5068","24","4061","","グンヒルド・ディルーブラム","グンヒルドディルーブラム"
"5070","24","4060","","カストルム・ラクスリトレ攻城戦","コウジョウセン"
"5071","24","1225","","パガルザン","-"
"5072","24","2247","","ダイヤウェポン捕獲作戦","ダイヤウェポンホカクサクセン"
"5073","24","2248","","極ダイヤウェポン捕獲作戦","ゴクダイヤウェポンホカクサクセン"
"5074","24","3532","","希望ノ砲台：「塔」","キボウノホウダイトウ"
"5076","24","4062","","ザトゥノル高原","ザトゥノルコウゲン"
"5077","24","4063","","旗艦ダル・リアータ攻略戦","キカンダルリアータコウリャクセン"
"5078","24","1226","","ゾットの塔","ゾットノトウ"
"5079","24","1227","","バブイルの塔","バブイルノトウ"
"5080","24","1228","","ヴァナスパティ","-"
"5081","24","1229","","ヒュペルボレア造物院","ヒュペルボレアゾウブツイン"
"5082","24","1230","","アイティオン星晶鏡","アイティオンセイショウキョウ"
"5083","24","1231","","レムナント","-"
"5084","24","1232","","スマイルトン","-"
"5085","24","1233","","スティグマ・フォー","スティグマフォー"
"5086","24","2250","","ゾディアーク討滅戦","ゾディアークトウメツセン"
"5087","24","2251","","極ゾディアーク討滅戦","ゴクゾディアークトウメツセン"
"5088","24","2252","","ハイデリン討滅戦","ハイデリントウメツセン"
"5089","24","2253","","極ハイデリン討滅戦","ゴクハイデリントウメツセン"
"5090","24","2254","","終焉の戦い","シュウエンノタタカイ"
"5091","24","3110","","万魔殿パンデモニウム","バンマデンパンデモニウム"
"5092","24","3111","","万魔殿パンデモニウム零式","バンマデンパンデモニウムレイシキ"
"5093","24","3112","","辺獄編","ヘンゴクヘン"
"5094","24","1234","","アルザダール海底遺跡群","アルザダールカイテイイセキグン"
"5095","24","2255","","終極の戦い","シュウキョクノタタカイ"
"5097","24","3533","","輝ける神域 アグライア","カガヤケルシンイキアグライア"
"5098","24","3403","","絶竜詩戦争","ゼツリュウシセンソウ"
"5099","24","6303","","クリスタルコンフリクト","-"
"5100","24","6304","","パライストラ","-"
"5101","24","6305","","ヴォルカニック・ハート","ヴォルカニックハート"
"5102","24","6306","","クラウドナイン","-"
"5103","24","2257","","バルバリシア討滅戦","バルバリシアトウメツセン"
"5104","24","2258","","極バルバリシア討滅戦","ゴクバルバリシアトウメツセン"
"5106","24","3113","","煉獄編","レンゴクヘン"
"5107","24","1235","","トロイアコート","-"
"5108","24","4100","","ヴァリアントダンジョン","-"
"5109","24","4101","","アナザーダンジョン","-"
"5110","24","4102","","シラディハ水道","シラディハスイドウ"
"5111","24","4103","","異聞シラディハ水道","イブンシラディハスイドウ"
"5112","24","4104","","異聞シラディハ水道 零式","イブンシラディハスイドウレイシキ"
"5113","24","1236","","ラピス・マナリス","ラピスマナリス"
"5114","24","4003","","オルト・エウレカ","オルトエウレカ"
"5115","24","3404","","絶オメガ検証戦","ゼツオメガケンショウセン"
"5116","24","3534","","喜びの神域 エウプロシュネ","ヨロコビノシンイキエウプロシュネ"
"5117","24","2260","","ルビカンテ討滅戦","ルビカンテトウメツセン"
"5118","24","2261","","極ルビカンテ討滅戦","ゴクルビカンテトウメツセン"
"5119","24","2262","","幻女神ソフィア討滅戦","ゲンメガミソフィアトウメツセン"
"5120","24","6307","","東方絡繰御殿","トウホウカラクリゴテン"
"5121","24","1237","","ハーム島","ハームトウ"
"5122","24","3114","","天獄編","テンゴクヘン"
"5125","24","2265","","幻鬼神ズルワーン討滅戦","ゲンキジンズルワーントウメツセン"